[targetinfo]
ra = 270.5691858333333
dec = 64.26228833333333
pmra = 196.045
pmdec = -383.606
px = 128.4871
rv = -1200.0
epoch = 2451545.0

