[targetinfo]
ra = 269.4520820833333
dec = 4.693364166666667
pmra = -802.803
pmdec = 10362.542
px = 547.4506
rv = -110353.0
epoch = 2451545.0

