[targetinfo]
rv = 18220.0
pmra = 572.51
epoch = 2451545.0
pmdec = -3693.51
ra = 111.85208208333333
dec = 5.225786944444445
px = 262.98

