[targetinfo]
rv = -110510.0
pmra = -802.803
epoch = 2451545.0
pmdec = 10362.542
ra = 269.4520820833333
dec = 4.693364166666667
px = 547.4506

