[targetinfo]
rv = 29000.0
pmra = -598.177
epoch = 2451545.0
pmdec = -1365.273
ra = 289.24004291666665
dec = 5.150441111111111
px = 168.962

